215 216496863078
2 432 18856458 
1 543172426 
1 192840478 
1 730251280 
1 243069779 
1 592873458 
1 868738999 
1 895524808 
1 287950085 
1 604707645 
1 910424950 
1 601445338 
1 840927138 
1 488739977 
1 541039423 
1 133344295 
1 498446823 
1 872940850 
1 112260636 
1 376991615 
2 332 553704644 
1 331529177 
1 610554210 
1 510941822 
1 630166282 
1 94986683 
1 654769087 
1 54579538 
1 456450571 
1 174305725 
1 259906882 
1 520723652 
1 770564928 
1 749142931 
1 382030190 
1 440707198 
1 375166379 
1 416110738 
1 543460930 
1 394145856 
1 523732248 
1 786403010 
1 6481046 
1 510900640 
1 244852438 
1 844614889 
1 891934147 
1 808734077 
1 192113171 
1 817563004 
1 104177549 
1 980117397 
1 139715640 
1 914715064 
1 471306474 
1 574929110 
1 323675296 
1 290652661 
1 511294507 
1 746933092 
1 970596228 
1 517495397 
1 917659982 
1 304614625 
1 131503222 
1 417068465 
1 541383177 
1 23326762 
1 71760441 
1 780648291 
1 838827635 
1 35837102 
1 737505044 
1 456401498 
1 43498846 
1 492061596 
1 818889603 
1 101323766 
1 477989745 
1 158180222 
1 166056340 
1 35386629 
1 446251394 
1 191540760 
1 322469899 
1 399248192 
1 785396266 
1 880039715 
1 310929024 
1 121699396 
1 191707363 
1 613118864 
1 752399831 
1 410611298 
1 889033134 
1 469746859 
1 68143702 
1 110177489 
1 216852756 
1 530606125 
1 175550329 
1 481112763 
1 342482520 
1 449778185 
1 441287261 
1 589861715 
1 364001962 
1 771226966 
1 816011 
1 153791552 
1 512992608 
1 586085990 
1 79039294 
1 103681348 
1 232038279 
1 266789481 
1 292152729 
1 426457742 
1 77168365 
1 658919425 
1 340867757 
1 175381185 
1 222300901 
1 116908330 
1 567122326 
1 656362975 
1 352870877 
1 378526812 
1 247630511 
1 809718099 
1 176383063 
1 357727595 
1 543041018 
1 517813872 
1 589636522 
1 589741958 
1 220635733 
1 145982586 
1 31197634 
1 920242133 
1 576138695 
1 962724570 
1 36000628 
1 894313632 
1 444152418 
1 448892438 
1 40362310 
1 159412395 
1 555525522 
1 333374271 
1 177478620 
1 928011177 
1 165478351 
1 526262722 
1 262202745 
1 90182080 
1 817177808 
1 31014055 
1 64127823 
1 242055408 
1 600063332 
1 412172075 
1 534686956 
1 183932406 
1 463057984 
1 55059859 
1 156784111 
1 66232505 
1 964848755 
1 478913238 
1 638662217 
1 297374947 
1 178881251 
1 487804312 
1 60688039 
1 560195372 
1 423516557 
1 827056062 
1 972604321 
1 371808420 
1 755718007 
1 628284675 
1 159223004 
1 328286240 
1 752916852 
1 755119744 
1 326133482 
1 638181668 
1 949615948 
1 333057410 
1 226845887 
1 59674257 
1 96354363 
1 119343004 
1 275326839 
1 853557842 
1 153047401 
1 197758129 
1 596269734 
1 415553562 
1 148159280 
1 419327692 
1 398743167 
1 257837732 
1 106377162 
1 148752950 
1 324788405 
1 426216010 
1 204044960 
1 604814786 
1 852327010 
1 698225627 
1 199128130 
1 394666781 
1 829558166 
1 964257533 
1 530511161 
1 792174325 
1 59947783 
1 927235722 
1 798321554 
1 913995890 
1 773246715 
1 23738740 
1 841305850 
1 366228060 
1 41721426 
1 539087464 
1 127939179 
1 3119695 
1 881914863 
1 212607651 
1 562805584 
1 824022467 
1 40829216 
1 682913928 
1 282055164 
1 767125839 
1 49412322 
1 992795329 
1 247553935 
1 956335393 
1 722929048 
1 382220961 
1 87623841 
1 87433883 
1 240713318 
1 23502400 
1 278824626 
1 416620027 
1 880932920 
1 642811825 
1 724810764 
1 997666255 
1 72024639 
1 263361609 
1 644649668 
1 264565383 
1 369819648 
1 379835532 
1 666320208 
1 150254357 
1 380646303 
1 226660240 
1 330 
1 314992812 
1 125381441 
1 385590592 
1 342588938 
1 395712021 
1 694488972 
1 182118597 
1 32622107 
1 501044298 
1 863921006 
1 178116665 
1 157431849 
1 460939962 
1 228162596 
1 668276092 
1 157995166 
1 540175918 
1 787660862 
1 443 
1 951805947 
1 170074721 
1 303496119 
1 349226458 
1 347395779 
1 547075585 
1 990142730 
1 888358290 
1 932589031 
1 368 
1 148314116 
1 333827683 
1 97508573 
1 614880463 
1 874194187 
1 254579006 
1 256270967 
1 11365839 
1 254257172 
1 657520792 
1 16341931 
1 433663026 
1 38571368 
1 88547044 
1 797403322 
1 547314569 
1 749920591 
1 120337330 
1 599343457 
1 95045933 
1 330366500 
1 19235092 
1 413929264 
1 409724547 
1 866688542 
1 103287348 
1 520398520 
1 496395588 
1 57435461 
1 869521391 
1 959046672 
1 732800255 
1 567017040 
1 148755971 
1 45932594 
1 59802669 
1 440653836 
1 172465730 
1 458489543 
1 117294193 
1 771248431 
1 902372188 
1 528119299 
1 142713081 
1 270390609 
1 299115813 
1 177891241 
1 999826357 
1 707766172 
1 774494063 
1 458837557 
1 737342313 
1 707337356 
1 171669770 
1 140740050 
1 757931270 
1 166235271 
1 14204939 
1 468704245 
1 924995926 
1 257349792 
1 406274866 
1 476380362 
1 625764475 
1 815692890 
1 240801079 
1 576149889 
1 544853649 
1 427510485 
1 875906437 
1 701474273 
1 404598732 
1 992046281 
1 421942403 
1 714523846 
1 82691164 
1 280190652 
1 285512091 
1 66892436 
1 154412171 
1 69241477 
1 109416356 
1 735484970 
1 93720944 
1 826457055 
1 638147915 
1 638196022 
1 481698909 
1 946080573 
1 687453259 
1 516272469 
1 195585709 
1 353050699 
1 85497123 
1 534045416 
1 98577710 
1 175794288 
1 707979824 
1 22629269 
1 570458517 
1 756496655 
1 635472378 
1 406399263 
1 498442902 
1 191286178 
1 431422597 
1 468378465 
1 658840268 
1 146320314 
1 225930014 
1 247962354 
1 368093950 
1 172391234 
1 473126298 
1 634788856 
1 326913700 
1 190526828 
1 734217035 
1 13288855 
1 706106684 
1 479511053 
1 113188754 
1 749416990 
1 137183545 
1 19001064 
1 240968727 
1 6626974 
1 137377892 
1 828709345 
1 161587018 
1 624081807 
1 722867371 
1 992041972 
1 43436574 
1 29338666 
1 960548488 
1 532901229 
1 40 
1 397874869 
1 564897970 
1 595118917 
1 788104822 
1 132051244 
1 654588062 
1 372783522 
1 182432864 
1 150934691 
1 524328276 
1 983128411 
1 189746153 
1 18886471 
1 433822477 
1 814486008 
1 979942043 
1 563278971 
1 394787146 
1 219902393 
1 431866329 
1 907076829 
1 209597820 
1 220823707 
1 873312348 
1 617046176 
1 609318892 
1 103965641 
1 208362676 
1 140512032 
1 691799052 
1 350619900 
1 328644857 
1 265649049 
1 566808539 
1 758879545 
1 862800296 
1 497666379 
1 129066157 
1 583181505 
1 938104944 
1 253647623 
1 482317760 
1 243298921 
1 119438779 
1 260082232 
1 457146623 
1 319414008 
1 665479954 
1 829827575 
1 877626777 
1 714800420 
1 399 
1 56305196 
1 164812281 
1 699935064 
1 460695766 
1 76406341 
1 122358990 
1 827977612 
1 54052310 
1 4505060 
1 86107386 
1 452690358 
1 571830695 
1 651106979 
1 532411502 
1 131771866 
1 918348294 
502 541383177 433663026 132051244 682913928 468704245 498442902 140740050 488739977 331529177 468378465 625764475 113188754 23738740 785396266 520398520 583181505 917659982 172465730 440653836 350619900 174305725 189746153 262202745 863921006 829827575 449778185 532901229 137183545 182432864 394666781 59947783 532411502 228162596 156784111 698225627 13288855 57435461 873312348 433822477 93720944 157431849 22629269 88547044 195585709 881914863 347395779 426457742 395712021 469746859 539087464 999826357 946080573 707979824 654588062 596269734 366228060 638181668 190526828 328644857 208362676 576149889 758879545 555525522 473126298 827977612 634788856 707766172 399248192 570458517 567017040 722867371 852327010 749920591 774494063 992041972 103965641 171669770 416110738 119343004 64127823 66892436 349226458 706106684 562805584 599343457 297374947 431422597 817177808 19235092 910424950 737342313 875906437 85497123 330366500 158180222 427510485 497666379 992046281 560195372 635472378 457146623 96354363 310929024 419327692 95045933 161587018 724810764 444152418 410611298 962724570 240968727 959046672 638147915 456401498 920242133 148752950 964257533 547075585 398743167 601445338 353050699 131771866 260082232 409724547 278824626 510900640 226660240 243298921 191707363 342588938 404598732 651106979 749142931 98577710 543041018 722929048 699935064 792174325 511294507 175794288 412172075 76406341 828709345 175550329 54052310 364001962 523732248 478913238 630166282 979942043 86107386 657520792 534686956 501044298 888358290 771248431 240801079 18856458 154412171 110177489 116908330 567122326 280190652 40362310 29338666 798321554 150934691 170074721 902372188 564897970 869521391 264565383 104177549 668276092 176383063 458837557 32622107 177478620 11365839 543460930 824022467 604814786 737505044 786403010 129066157 139715640 59674257 253647623 571830695 146320314 56305196 326913700 770564928 77168365 815692890 868738999 372783522 913995890 216852756 69241477 199128130 303496119 164812281 242055408 613118864 960548488 394145856 614880463 191286178 534045416 254579006 972604321 441287261 479511053 290652661 755119744 399 932589031 90182080 928011177 18886471 918348294 247630511 23326762 638196022 687453259 840927138 212607651 140512032 600063332 752916852 14204939 247553935 322469899 379835532 617046176 714800420 482317760 644649668 299115813 880932920 145982586 889033134 458489543 120337330 866688542 153791552 814486008 547314569 38571368 415553562 638662217 914715064 816011 157995166 266789481 265649049 150254357 319414008 352870877 333374271 642811825 59802669 121699396 749416990 333827683 326133482 314992812 730251280 82691164 516272469 827056062 275326839 841305850 540175918 771226966 853557842 148314116 877626777 31197634 658840268 756496655 220823707 477989745 658919425 714523846 148159280 574929110 226845887 178116665 595118917 732800255 71760441 589741958 43436574 125381441 734217035 101323766 949615948 342482520 54579538 109416356 665479954 382030190 127939179 707337356 980117397 247962354 773246715 735484970 369819648 49412322 119438779 103681348 872940850 481698909 517813872 192113171 172391234 563278971 394787146 528119299 496395588 219902393 924995926 36000628 809718099 243069779 443 656362975 992795329 397874869 133344295 55059859 79039294 604707645 72024639 787660862 323675296 964848755 6481046 166235271 254257172 328286240 106377162 182118597 894313632 694488972 191540760 330 481112763 368093950 983128411 838827635 16341931 19001064 192840478 197758129 446251394 624081807 333057410 788104822 131503222 204044960 103287348 460695766 225930014 471306474 60688039 371808420 166056340 165478351 406399263 990142730 510941822 4505060 492061596 97508573 177891241 431866329 818889603 566808539 423516557 41721426 797403322 340867757 256270967 304614625 159223004 895524808 691799052 45932594 148755971 3119695 767125839 826457055 452690358 153047401 589636522 244852438 448892438 576138695 927235722 701474273 628284675 35837102 137377892 524328276 752399831 654769087 87623841 257837732 589861715 6626974 862800296 543172426 526262722 357727595 385590592 746933092 263361609 40 530606125 380646303 175381185 178881251 287950085 498446823 666320208 951805947 463057984 844614889 382220961 66232505 416620027 997666255 610554210 880039715 417068465 512992608 40829216 282055164 232038279 406274866 421942403 544853649 956335393 592873458 460939962 520723652 530511161 31014055 257349792 780648291 270390609 112260636 368 376991615 259906882 285512091 755718007 87433883 413929264 970596228 440707198 122358990 68143702 907076829 324788405 609318892 541039423 159412395 142713081 23502400 222300901 375166379 476380362 456450571 183932406 517495397 43498846 432 553704644 209597820 808734077 426216010 220635733 35386629 240713318 874194187 586085990 487804312 938104944 829558166 94986683 757931270 378526812 817563004 891934147 117294193 292152729 332 
