500 500
361 18856890
138 543172426
468 192840478
440 730251280
492 243069779
230 592873458
422 868738999
356 895524808
78 287950085
335 604707645
53 910424950
376 601445338
321 840927138
287 488739977
200 541039423
387 133344295
163 498446823
406 872940850
210 112260636
214 376991615
461 553704976
264 331529177
262 610554210
435 510941822
236 630166282
123 94986683
493 654769087
300 54579538
141 456450571
114 174305725
329 259906882
150 520723652
239 770564928
497 749142931
148 382030190
184 440707198
400 375166379
425 416110738
420 543460930
356 394145856
250 523732248
147 786403010
32 6481046
184 510900640
151 244852438
125 844614889
392 891934147
257 808734077
37 192113171
388 817563004
93 104177549
373 980117397
314 139715640
299 914715064
318 471306474
283 574929110
481 323675296
410 290652661
93 511294507
473 746933092
456 970596228
118 517495397
166 917659982
227 304614625
8 131503222
187 417068465
215 541383177
278 23326762
117 71760441
310 780648291
338 838827635
392 35837102
103 737505044
10 456401498
15 43498846
317 492061596
56 818889603
66 101323766
487 477989745
376 158180222
251 166056340
77 35386629
75 446251394
124 191540760
200 322469899
258 399248192
375 785396266
472 880039715
479 310929024
77 121699396
485 191707363
4 613118864
162 752399831
328 410611298
474 889033134
402 469746859
372 68143702
422 110177489
333 216852756
214 530606125
149 175550329
214 481112763
280 342482520
318 449778185
96 441287261
153 589861715
288 364001962
22 771226966
363 816011
23 153791552
152 512992608
211 586085990
41 79039294
58 103681348
140 232038279
40 266789481
232 292152729
139 426457742
167 77168365
232 658919425
3 340867757
142 175381185
499 222300901
411 116908330
241 567122326
214 656362975
435 352870877
76 378526812
267 247630511
393 809718099
234 176383063
286 357727595
138 543041018
165 517813872
129 589636522
58 589741958
344 220635733
388 145982586
223 31197634
8 920242133
27 576138695
126 962724570
265 36000628
20 894313632
410 444152418
89 448892438
219 40362310
123 159412395
298 555525522
312 333374271
461 177478620
325 928011177
91 165478351
64 526262722
492 262202745
245 90182080
153 817177808
463 31014055
167 64127823
96 242055408
142 600063332
388 412172075
239 534686956
212 183932406
141 463057984
182 55059859
303 156784111
475 66232505
277 964848755
498 478913238
82 638662217
109 297374947
327 178881251
201 487804312
292 60688039
243 560195372
198 423516557
353 827056062
275 972604321
331 371808420
302 755718007
217 628284675
352 159223004
21 328286240
474 752916852
71 755119744
146 326133482
335 638181668
332 949615948
276 333057410
393 226845887
454 59674257
116 96354363
163 119343004
415 275326839
488 853557842
228 153047401
446 197758129
41 596269734
20 415553562
3 148159280
3 419327692
209 398743167
421 257837732
261 106377162
141 148752950
403 324788405
334 426216010
230 204044960
317 604814786
378 852327010
414 698225627
66 199128130
141 394666781
457 829558166
91 964257533
302 530511161
268 792174325
422 59947783
222 927235722
195 798321554
443 913995890
124 773246715
135 23738740
254 841305850
275 366228060
255 41721426
261 539087464
338 127939179
281 3119695
497 881914863
459 212607651
68 562805584
350 824022467
260 40829216
162 682913928
476 282055164
476 767125839
457 49412322
189 992795329
265 247553935
337 956335393
156 722929048
14 382220961
80 87623841
309 87433883
206 240713318
99 23502400
58 278824626
480 416620027
468 880932920
83 642811825
146 724810764
7 997666255
480 72024639
65 263361609
487 644649668
210 264565383
309 369819648
99 379835532
486 666320208
70 150254357
339 380646303
324 226660240
384 330
128 314992812
90 125381441
381 385590592
348 342588938
381 395712021
152 694488972
423 182118597
354 32622107
195 501044298
237 863921006
280 178116665
126 157431849
188 460939962
207 228162596
142 668276092
374 157995166
104 540175918
119 787660862
271 443
194 951805947
440 170074721
196 303496119
426 349226458
360 347395779
124 547075585
205 990142730
493 888358290
214 932589031
346 368
330 148314116
463 333827683
413 97508573
212 614880463
24 874194187
269 254579006
260 256270967
81 11365839
349 254257172
447 657520792
473 16341931
392 433663026
152 38571368
244 88547044
181 797403322
83 547314569
388 749920591
151 120337330
152 599343457
195 95045933
376 330366500
461 19235092
192 413929264
11 409724547
481 866688542
190 103287348
141 520398520
358 496395588
396 57435461
319 869521391
423 959046672
362 732800255
467 567017040
310 148755971
216 45932594
408 59802669
378 440653836
148 172465730
108 458489543
39 117294193
283 771248431
161 902372188
59 528119299
18 142713081
101 270390609
155 299115813
486 177891241
225 999826357
86 707766172
479 774494063
297 458837557
3 737342313
17 707337356
155 171669770
237 140740050
306 757931270
78 166235271
326 14204939
90 468704245
339 924995926
18 257349792
419 406274866
279 476380362
406 625764475
32 815692890
214 240801079
364 576149889
188 544853649
98 427510485
316 875906437
444 701474273
286 404598732
462 992046281
285 421942403
157 714523846
220 82691164
67 280190652
211 285512091
490 66892436
251 154412171
89 69241477
338 109416356
339 735484970
182 93720944
315 826457055
95 638147915
40 638196022
256 481698909
82 946080573
62 687453259
384 516272469
288 195585709
214 353050699
253 85497123
353 534045416
428 98577710
100 175794288
155 707979824
475 22629269
450 570458517
125 756496655
115 635472378
442 406399263
335 498442902
175 191286178
56 431422597
441 468378465
357 658840268
29 146320314
304 225930014
270 247962354
477 368093950
208 172391234
320 473126298
230 634788856
39 326913700
3 190526828
31 734217035
41 13288855
384 706106684
357 479511053
381 113188754
473 749416990
232 137183545
404 19001064
196 240968727
368 6626974
494 137377892
304 828709345
128 161587018
469 624081807
7 722867371
42 992041972
16 43436574
29 29338666
368 960548488
3 532901229
174 40
18 397874869
349 564897970
445 595118917
186 788104822
418 132051244
479 654588062
421 372783522
277 182432864
249 150934691
386 524328276
427 983128411
339 189746153
2 18886471
205 433822477
75 814486008
18 979942043
442 563278971
413 394787146
446 219902393
227 431866329
74 907076829
437 209597820
280 220823707
357 873312348
131 617046176
308 609318892
14 103965641
188 208362676
110 140512032
164 691799052
214 350619900
331 328644857
21 265649049
159 566808539
253 758879545
342 862800296
83 497666379
157 129066157
161 583181505
13 938104944
211 253647623
227 482317760
64 243298921
279 119438779
279 260082232
493 457146623
427 319414008
194 665479954
243 829827575
446 877626777
307 714800420
315 399
343 56305196
315 164812281
204 699935064
38 460695766
463 76406341
382 122358990
118 827977612
478 54052310
257 4505060
61 86107386
370 452690358
334 571830695
18 651106979
205 532411502
413 131771866
473 918348294
