5
15 4
1 0 0 1
0 0 1 1
0 1 1 0
0 1 1 1
1 1 0 0
0 0 1 0
0 1 0 0
1 0 0 0
1 1 0 1
1 1 1 1
0 1 1 1
0 1 1 1
0 1 1 1
1 1 0 1
1 1 1 0
0 1 0 0 0 0 0 0 0 0 0 0 0 1 1
8 7 10 2
11 14
0 1 1 0 1 0 0 1 0 0 0 0 0 1
1 0 0 1 0 0 1 0 1 0 1 1 1 1
1 0 0 1 0 0 1 1 1 1 1 1 0 0
0 0 0 1 0 0 1 0 0 0 0 0 0 1
1 0 1 1 1 1 0 0 1 1 0 0 1 1
1 1 0 1 1 1 1 0 0 1 0 1 1 0
0 1 0 0 0 0 0 0 0 1 1 1 1 1
0 0 0 1 0 1 0 1 0 1 0 1 1 0
1 0 1 1 0 0 0 1 0 1 1 0 0 0
1 1 1 1 0 0 0 0 1 1 0 1 1 1
1 1 1 0 0 0 1 0 1 1 1 1 0 1
0 0 1 1 0 0 0 1 1 1 0
10 2 6 8 10 1 8 3 2 7 7 4 7 5
19 1
0
1
1
1
0
1
1
1
0
0
1
1
0
1
1
0
1
1
0
0 0 1 0 1 0 0 0 0 0 1 0 0 0 0 1 0 1 0
4
0 8
10 2 10 8 9 10 1 10
13 15
1 0 0 0 0 0 0 1 0 1 1 1 0 0 0
1 0 1 0 0 1 1 0 0 0 1 0 0 1 0
0 0 1 0 0 1 0 1 1 1 1 0 0 0 0
1 1 1 1 0 0 1 1 1 0 1 1 1 0 0
0 0 0 1 1 1 0 1 1 0 1 1 0 0 1
1 0 1 1 0 1 1 1 0 0 1 1 0 1 0
1 1 1 0 0 1 1 1 0 0 1 0 0 0 0
0 1 1 0 0 1 1 1 1 1 1 0 1 0 1
0 1 0 0 1 0 1 1 1 1 0 1 1 1 1
1 0 1 1 0 1 0 1 1 1 0 0 0 0 0
1 1 1 1 1 1 1 1 1 0 0 1 0 1 0
0 0 1 0 0 0 1 1 0 0 1 1 1 1 1
1 1 1 0 0 0 0 1 0 1 0 1 0 0 0
1 0 1 1 0 1 0 0 1 1 1 1 0
7 1 7 7 4 8 3 3 10 10 5 6 9 10 6
